list(data=c(1, 2, 3, 4, 5),start_date=2018-11-29 16:43:54.564497+00:00,end_date=2 days, 0:00:00)